A)JOUTER UN ORDRE  L)ISTER   C)ALCULER CA  S)UPPRIMER  Q)UITTER
LLISTE DES ORDRES

      ID    DEBUT DUREE         PRIX
--------  ------- -----   ----------
       1       20    20      40,00
      02  2015009    95   65936,00
      02  2015009    95   65936,00
      08  2015017   180   32419,00
      08  2015017   180   32419,00
      19  2015018   123   79428,00
      19  2015018   123   79428,00
      07  2015031   252   50935,00
      07  2015031   252   50935,00
      09  2015032    82   89481,00
      09  2015032    82   89481,00
      05  2015042    84   90540,00
      05  2015042    84   90540,00
      11  2015045   122   34781,00
      11  2015045   122   34781,00
      22  2015053    97   26538,00
      22  2015053    97   26538,00
      03  2015055    13   62458,00
      06  2015055   138   43067,00
      03  2015055    13   62458,00
      06  2015055   138   43067,00
      13  2015080    68   27517,00
      13  2015080    68   27517,00
      04  2015099   205   59986,00
      04  2015099   205   59986,00
      20  2015121    88    5034,00
      20  2015121    88    5034,00
      15  2015123   344    4838,00
      15  2015123   344    4838,00
      10  2015124   233   40989,00
      10  2015124   233   40989,00
      17  2015146   350   84740,00
      17  2015146   350   84740,00
      25  2015152    51   60029,00
      25  2015152    51   60029,00
      23  2015183   211   49936,00
      23  2015183   211   49936,00
      14  2015219    54   94604,00
      14  2015219    54   94604,00
      21  2015233   184   19267,00
      21  2015233   184   19267,00
      01  2015251    19   65622,00
      01  2015251    19   65622,00
      18  2015257   303   81747,00
      18  2015257   303   81747,00
      12  2015264    71   68813,00
      12  2015264    71   68813,00
      24  2015268   253   33968,00
      24  2015268   253   33968,00
      16  2015308   225   80107,00
      16  2015308   225   80107,00
--------  ------- -----   ----------
A)JOUTER UN ORDRE  L)ISTER   C)ALCULER CA  S)UPPRIMER  Q)UITTER

A)JOUTER UN ORDRE  L)ISTER   C)ALCULER CA  S)UPPRIMER  Q)UITTER

A)JOUTER UN ORDRE  L)ISTER   C)ALCULER CA  S)UPPRIMER  Q)UITTER
CCALCUL CA..
CA:  325320,00
A)JOUTER UN ORDRE  L)ISTER   C)ALCULER CA  S)UPPRIMER  Q)UITTER

A)JOUTER UN ORDRE  L)ISTER   C)ALCULER CA  S)UPPRIMER  Q)UITTER

A)JOUTER UN ORDRE  L)ISTER   C)ALCULER CA  S)UPPRIMER  Q)UITTER
Q